tweet_id,favorites,retweet_count
892420643555336193,36075,7679
892177421306343426,31113,5679
891815181378084864,23426,3764
891689557279858688,39339,7842
891327558926688256,37570,8449
891087950875897856,18933,2832
890971913173991426,11008,1844
890729181411237888,60751,17135
890609185150312448,26052,3902
890240255349198849,29770,6660
890006608113172480,28671,6653
889880896479866881,26075,4533
889665388333682689,44890,9086
889638837579907072,25256,4070
889531135344209921,14155,2049
889278841981685760,23543,4848
888917238123831296,27173,4084
888804989199671297,23878,3852
888554962724278272,18434,3165
888078434458587136,20343,3151
887705289381826560,28260,4897
887517139158093824,43323,10706
887473957103951883,64193,16345
887343217045368832,31444,9524
887101392804085760,28611,5421
886983233522544640,32620,6964
886736880519319552,11197,2924
886680336477933568,20992,4069
886366144734445568,19752,2878
886267009285017600,111,4
886258384151887873,26142,5741
886054160059072513,0,100
885984800019947520,30446,6105
885528943205470208,33589,5814
885518971528720385,19143,3396
885311592912609280,0,16840
885167619883638784,20453,3973
884925521741709313,71938,16441
884876753390489601,25987,5071
884562892145688576,22708,4275
884441805382717440,25317,5182
884247878851493888,67785,18473
884162670584377345,19067,2723
883838122936631299,20419,3123
883482846933004288,42807,8986
883360690899218434,21188,3363
883117836046086144,34679,6041
882992080364220416,22317,3541
882762694511734784,26409,4442
882627270321602560,26153,5527
882268110199369728,41879,10537
882045870035918850,27390,4448
881906580714921986,22757,3089
881666595344535552,47322,9712
881633300179243008,117,7
881536004380872706,46202,14527
881268444196462592,21714,4800
880935762899988482,15979,2538
880872448815771648,19892,3487
880465832366813184,26623,5658
880221127280381952,25201,3796
880095782870896641,25811,3948
879862464715927552,20915,3183
879674319642796034,294,10
879492040517615616,21946,2905
879415818425184262,98896,40441
879376492567855104,15716,2849
879130579576475649,0,6191
879050749262655488,21061,4279
879008229531029506,17786,2437
878776093423087618,18131,3728
878604707211726852,28191,6470
878404777348136964,0,1174
878316110768087041,0,6072
878281511006478336,7238,1174
878057613040115712,39390,6191
877736472329191424,74149,17280
877611172832227328,0,73
877556246731214848,21239,3473
877316821321428993,25656,4751
877201837425926144,25380,5091
876838120628539392,19382,3039
876537666061221889,22154,4281
876484053909872640,17596,2162
876120275196170240,26215,4262
875747767867523072,23581,3902
875144289856114688,20541,4483
875097192612077568,25721,5550
875021211251597312,23912,4318
874680097055178752,26080,4233
874434818259525634,0,13303
874296783580663808,24427,3762
874057562936811520,21310,3644
874012996292530176,32189,9381
873580283840344065,22741,3606
873337748698140672,0,1460
873213775632977920,6720,1460
872967104147763200,25610,4974
872820683541237760,13851,3416
872620804844003328,19479,3347
872486979161796608,38342,8307
872122724285648897,32276,7443
871879754684805121,35392,10106
871762521631449091,19031,3212
871515927908634625,19003,3205
871166179821445120,0,5268
871102520638267392,19694,5094
871032628920680449,21426,3528
870804317367881728,31715,5706
870726314365509632,114,3
870656317836468226,11645,2437
870374049280663552,78352,24478
870308999962521604,20686,3837
870063196459192321,34481,7685
869772420881756160,40208,9359
869702957897576449,26667,5838
869596645499047938,15086,2894
869227993411051520,19305,3497
868880397819494401,61870,13388
868639477480148993,0,1930
868622495443632128,25241,4915
868552278524837888,9547,1930
867900495410671616,22922,3884
867774946302451713,32167,6839
867421006826221569,15230,2316
867072653475098625,0,112
867051520902168576,30561,7339
866720684873056260,19003,4474
866686824827068416,18301,3254
866450705531457537,116025,32831
866334964761202691,49765,13303
866094527597207552,0,7824
865718153858494464,24382,5251
865359393868664832,25146,4682
865006731092295680,26642,7200
864873206498414592,30684,8130
864279568663928832,13867,2830
864197398364647424,28538,8295
863907417377173506,19615,3881
863553081350529029,14549,3926
863471782782697472,0,2282
863432100342583297,22661,4930
863427515083354112,2100,89
863079547188785154,8365,1041
863062471531167744,8059,2282
862831371563274240,18299,4842
862722525377298433,16326,3324
862457590147678208,19513,4638
862096992088072192,70853,21769
861383897657036800,34453,10084
861288531465048066,16399,3902
861005113778896900,15954,3595
860981674716409858,0,2022
860924035999428608,0,754
860563773140209665,7161,2022
860524505164394496,22628,5012
860276583193509888,17584,3316
860184849394610176,15971,5523
860177593139703809,0,29253
859924526012018688,18756,3880
859851578198683649,14790,3322
859607811541651456,17847,1486
859196978902773760,86072,28565
859074603037188101,32435,12931
858860390427611136,0,7693
858843525470990336,14982,3309
858471635011153920,20683,4618
858107933456039936,15146,2761
857989990357356544,15486,2474
857746408056729600,32971,10120
857393404942143489,5671,1569
857263160327368704,19321,4310
857214891891077121,216,17
857062103051644929,0,162
857029823797047296,18177,3800
856543823941562368,15754,2762
856526610513747968,11465,1796
856330835276025856,0,640
856288084350160898,495,15
856282028240666624,26806,6027
855862651834028034,325,25
855860136149123072,4747,936
855857698524602368,11494,2024
855851453814013952,44287,17299
855818117272018944,25819,5212
855459453768019968,28893,7901
855245323840757760,0,5730
855138241867124737,0,43
854732716440526848,22076,5844
854482394044301312,28440,6619
854365224396361728,18355,4525
854120357044912130,31109,7198
854010172552949760,15787,3048
853760880890318849,27808,5551
853639147608842240,33753,9714
853299958564483072,15101,3449
852936405516943360,0,1934
852912242202992640,8808,1757
852672615818899456,14552,2097
852553447878664193,15909,3372
852311364735569921,32397,9659
852226086759018497,19530,6656
852189679701164033,11197,1550
851861385021730816,0,19
851591660324737024,15926,3386
851464819735769094,23747,6876
851224888060895234,20256,5595
850753642995093505,30188,8900
850380195714523136,12848,2549
850333567704068097,3391,320
850145622816686080,16027,3703
850019790995546112,20023,4763
849776966551130114,29880,7424
849668094696017920,0,4850
849412302885593088,15594,3089
849336543269576704,11230,1862
849051919805034497,41622,8294
848690551926992896,24771,4236
848324959059550208,24286,4524
848213670039564288,8048,714
848212111729840128,16056,2976
847978865427394560,0,3199
847971574464610304,0,424
847962785489326080,23163,4983
847842811428974592,5353,1303
847617282490613760,6887,406
847606175596138505,18516,3371
847251039262605312,20230,4245
847157206088847362,19619,5756
847116187444137987,21189,3127
846874817362120707,19834,3868
846514051647705089,44029,11364
846505985330044928,13937,3027
846153765933735936,31207,8898
846139713627017216,30681,9867
846042936437604353,15792,2823
845812042753855489,28879,8566
845677943972139009,24900,4731
845397057150107648,7548,1777
845306882940190720,23087,5319
845098359547420673,0,7542
844979544864018432,13490,2521
844973813909606400,14915,3147
844580511645339650,16320,3082
844223788422217728,13528,2170
843981021012017153,15045,2911
843856843873095681,21270,4568
843604394117681152,16731,2713
843235543001513987,21337,5959
842846295480000512,15160,3598
842765311967449089,6671,1266
842535590457499648,17968,3472
842163532590374912,24242,5730
842115215311396866,13875,3005
841833993020538882,0,14916
841680585030541313,25548,7747
841439858740625411,12549,3659
841320156043304961,19669,5460
841314665196081154,15749,4613
841077006473256960,22716,5268
840761248237133825,0,1753
840728873075638272,0,16002
840698636975636481,174,2
840696689258311684,12218,966
840632337062862849,8946,1753
840370681858686976,16367,4507
840268004936019968,19162,5682
839990271299457024,13349,2260
839549326359670784,27349,7693
839290600511926273,0,143
839239871831150596,26986,6491
838952994649550848,19578,3983
838921590096166913,11110,2050
838916489579200512,0,35
838831947270979586,0,10945
838561493054533637,10909,1329
838476387338051585,22418,4756
838201503651401729,0,10007
838150277551247360,1665,331
838085839343206401,138,1
838083903487373313,17557,3125
837820167694528512,34006,7824
837482249356513284,3841,442
837471256429613056,12765,2266
837110210464448512,16030,2357
836989968035819520,12748,2290
836753516572119041,19281,4631
836677758902222849,12581,2222
836648853927522308,0,555
836397794269200385,0,27431
836380477523124226,14738,2986
836260088725786625,21281,4299
836001077879255040,19057,4245
835685285446955009,0,8117
835574547218894849,17778,3617
835536468978302976,0,1695
835309094223372289,0,20901
835297930240217089,16469,3011
835264098648616962,7737,1695
835246439529840640,2099,73
835172783151792128,26150,5761
835152434251116546,22381,3016
834931633769889797,10803,1645
834786237630337024,21353,5492
834574053763584002,13659,2543
834477809192075265,0,10645
834458053273591808,9610,1685
834209720923721728,20595,4755
834167344700198914,15826,3658
834089966724603904,10052,2140
834086379323871233,13078,2213
833863086058651648,13453,2415
833826103416520705,18073,3778
833732339549220864,0,221
833722901757046785,20830,3221
833479644947025920,14860,2053
833124694597443584,20230,4850
832998151111966721,13260,2206
832769181346996225,0,39
832757312314028032,16888,3628
832682457690300417,11897,2920
832645525019123713,2932,532
832636094638288896,15877,2792
832397543355072512,11982,2223
832369877331693569,17217,3199
832273440279240704,11366,2344
832215909146226688,0,6222
832215726631055365,0,9349
832088576586297345,62,2
832040443403784192,0,9651
832032802820481025,17914,4670
831939777352105988,24042,6153
831926988323639298,336,34
831911600680497154,27668,6530
831670449226514432,10473,1825
831650051525054464,7159,1934
831552930092285952,8992,2323
831322785565769729,9297,1557
831315979191906304,6557,1130
831309418084069378,11788,2475
831262627380748289,11939,2057
830956169170665475,7986,1506
830583320585068544,66998,16840
830173239259324417,0,5706
830097400375152640,9822,2961
829878982036299777,0,5038
829861396166877184,12271,1956
829501995190984704,31861,10645
829449946868879360,10500,2034
829141528400556032,24478,7377
829011960981237760,53315,16368
828801551087042563,0,3437
828770345708580865,25657,5893
828708714936930305,36643,11230
828650029636317184,9536,1357
828409743546925057,6371,1171
828408677031882754,7705,1300
828381636999917570,12627,2227
828376505180889089,7410,1077
828372645993398273,12609,2956
828361771580813312,2204,173
828046555563323392,11792,2888
828011680017821696,10395,2162
827933404142436356,20190,5285
827653905312006145,15582,3036
827600520311402496,7488,951
827324948884643840,15938,3071
827199976799354881,10625,2234
826958653328592898,21675,5038
826848821049180160,36552,10239
826615380357632002,0,4013
826598799820865537,5137,254
826598365270007810,10102,2362
826476773533745153,18506,4223
826240494070030336,13372,2627
826204788643753985,4901,931
826115272272650244,15740,3154
825876512159186944,10542,1887
825829644528148480,12812,2510
825535076884762624,57175,17671
825147591692263424,18427,4582
825120256414846976,0,1270
825026590719483904,6347,1270
824796380199809024,0,5540
824775126675836928,15009,3551
824663926340194305,10590,1788
824325613288833024,11917,10602
824297048279236611,15165,3901
824025158776213504,4858,603
823939628516474880,10698,2733
823719002937630720,0,11299
823699002998870016,14095,2546
823581115634085888,13125,2647
823333489516937216,706,25
823322678127919110,15850,4074
823269594223824897,0,9979
822975315408461824,17444,3482
822872901745569793,132585,43641
822859134160621569,13371,2306
822647212903690241,0,6474
822610361945911296,14928,2991
822489057087389700,18307,6474
822462944365645825,28260,14464
822244816520155136,35240,9979
822163064745328640,0,4831
821886076407029760,11411,2337
821813639212650496,0,3391
821765923262631936,8480,1677
821522889702862852,8098,1784
821421320206483457,0,5653
821407182352777218,11882,4382
821153421864615936,258,10
821149554670182400,8724,2017
821107785811234820,9685,2162
821044531881721856,12779,2310
820837357901512704,0,6807
820749716845686786,31832,10007
820690176645140481,12317,3269
820494788566847489,0,569
820446719150292993,0,2597
820314633777061888,3376,569
820078625395449857,19998,6371
820013781606658049,0,1189
819952236453363712,5385,1189
819924195358416896,13031,4931
819711362133872643,13498,3156
819588359383371776,9734,2013
819347104292290561,7286,1223
819238181065359361,2290,411
819227688460238848,23290,6807
819015337530290176,0,37295
819015331746349057,0,19185
819006400881917954,45757,19185
819004803107983360,87809,37295
818646164899774465,0,21283
818627210458333184,22643,7641
818614493328580609,9955,2603
818588835076603904,0,6233
818536468981415936,11014,2493
818307523543449600,0,8208
818259473185828864,11149,2298
818145370475810820,12418,2608
817908911860748288,4910,816
817827839487737858,52235,27431
817777686764523521,10871,2730
817536400337801217,11911,3011
817502432452313088,0,3442
817423860136083457,34249,14916
817415592588222464,5669,965
817181837579653120,0,8580
817171292965273600,8869,2053
817120970343411712,12347,2640
817056546584727552,8697,1670
816829038950027264,0,4778
816816676327063552,10131,2073
816697700272001025,9915,2225
816450570814898180,30813,8208
816336735214911488,8711,1975
816091915477250048,9035,2177
816062466425819140,0,1038
816014286006976512,0,5357
815990720817401858,5015,1038
815966073409433600,22699,8580
815745968457060357,0,4203
815736392542261248,9984,2296
815639385530101762,8335,1674
815390420867969024,10491,3858
814986499976527872,7749,1297
814638523311648768,11419,2739
814578408554463233,0,5933
814530161257443328,8767,1896
814153002265309185,29118,8817
813944609378369540,0,3237
813910438903693312,9411,1896
813812741911748608,36916,14205
813800681631023104,8424,1793
813217897535406080,18891,7423
813202720496779264,9370,1841
813187593374461952,20152,4442
813172488309972993,9408,1958
813157409116065792,7872,2248
813142292504645637,8591,2425
813130366689148928,4530,455
813127251579564032,12011,3188
813112105746448384,10449,2792
813096984823349248,10719,3682
813081950185472002,10029,2827
813066809284972545,8064,1991
813051746834595840,21274,7495
812781120811126785,7689,1943
812709060537683968,6724,1457
812503143955202048,6169,1241
812466873996607488,8074,1966
812372279581671427,13854,3729
811985624773361665,7370,1429
811744202451197953,7656,1630
811647686436880384,5689,757
811627233043480576,12960,3142
811386762094317568,21252,6497
810984652412424192,5418,1464
810896069567610880,9153,1806
810657578271330305,11127,2699
810284430598270976,35806,11510
810254108431155201,14931,3437
809920764300447744,15765,4013
809808892968534016,0,4989
809448704142938112,7043,1495
809220051211603969,20232,5706
809084759137812480,13440,3593
808838249661788160,10268,3103
808733504066486276,8027,2204
808501579447930884,11482,2657
808344865868283904,43236,21283
808134635716833280,0,6054
808106460588765185,8926,2243
808001312164028416,12722,3603
807621403335917568,14815,3689
807106840509214720,120161,56491
807059379405148160,0,7492
807010152071229440,13287,3940
806629075125202948,75925,35338
806620845233815552,0,5640
806576416489959424,4968,1983
806542213899489280,10384,2400
806242860592926720,0,11866
806219024703037440,6525,1217
805958939288408065,0,5473
805932879469572096,8417,1954
805826884734976000,6675,1865
805823200554876929,0,8192
805520635690676224,5835,1687
805487436403003392,8931,2568
805207613751304193,7960,1753
804738756058218496,13917,3892
804475857670639616,6231,2053
804413760345620481,0,3302
804026241225523202,45196,16485
803773340896923648,10212,2800
803692223237865472,0,7574
803638050916102144,11121,4224
803380650405482500,7899,1899
803321560782307329,0,5435
803276597545603072,10182,2507
802952499103731712,9157,2049
802624713319034886,0,2972
802600418706604034,7218,1500
802572683846291456,9074,2565
802323869084381190,16477,5947
802265048156610565,6875,1404
802239329049477120,9222,2679
802185808107208704,0,278
801958328846974976,7869,1749
801854953262350336,1805,243
801538201127157760,8350,2111
801285448605831168,6151,838
801167903437357056,24880,6054
801127390143516673,0,4027
801115127852503040,8205,2146
800859414831898624,695,98
800855607700029440,0,1640
800751577355128832,10735,2854
800513324630806528,13349,3044
800459316964663297,9660,2219
800443802682937345,0,4411
800388270626521089,11336,2867
800188575492947969,0,4020
800141422401830912,15533,2597
800018252395122689,28820,13437
799774291445383169,0,4791
799757965289017345,8521,2209
799422933579902976,8192,1966
799308762079035393,0,5590
799297110730567681,10050,2817
799063482566066176,8190,2512
798933969379225600,13302,4562
798925684722855936,7618,1472
798705661114773508,0,6778
798701998996647937,0,7947
798697898615730177,0,6639
798694562394996736,0,5061
798686750113755136,0,2383
798682547630837760,0,4809
798673117451325440,0,5661
798665375516884993,0,3989
798644042770751489,0,1888
798628517273620480,0,2016
798585098161549313,0,5836
798576900688019456,0,5968
798340744599797760,0,3418
798209839306514432,10598,2613
797971864723324932,11794,3175
797545162159308800,14779,4963
797236660651966464,20284,6722
797165961484890113,227,26
796904159865868288,0,9102
796865951799083009,7817,1954
796759840936919040,12034,3099
796563435802726400,0,7420
796484825502875648,7701,1797
796387464403357696,11182,4237
796177847564038144,0,14569
796149749086875649,32761,14569
796125600683540480,5045,1846
796116448414461957,9254,2467
796080075804475393,8601,2359
796031486298386433,10987,3786
795464331001561088,50435,24129
795400264262053889,10221,2938
795076730285391872,16458,5540
794983741416415232,0,3442
794926597468000259,10411,2356
794355576146903043,0,10518
794332329137291264,9736,2732
794205286408003585,9374,3387
793962221541933056,17102,4989
793845145112371200,9376,1907
793614319594401792,0,3203
793601777308463104,8114,1659
793500921481273345,10839,2425
793286476301799424,24989,9349
793271401113350145,8839,2438
793256262322548741,20305,8516
793241302385262592,10677,3366
793226087023144960,9998,2931
793210959003287553,9076,2852
793195938047070209,15539,5740
793180763617361921,7046,2041
793165685325201412,9558,2846
793150605191548928,6279,1737
793135492858580992,6536,2548
793120401413079041,12881,4000
792913359805018113,14561,4054
792883833364439040,11493,4357
792773781206999040,7474,1708
792394556390137856,13668,4380
792050063153438720,7263,1842
791821351946420224,0,21494
791784077045166082,0,9782
791780927877898241,0,3897
791774931465953280,45856,22638
791672322847637504,11937,3203
791406955684368384,13341,4203
791312159183634433,8932,2590
791026214425268224,0,4183
790987426131050500,9982,2177
790946055508652032,16917,4778
790723298204217344,0,2357
790698755171364864,8358,1965
790581949425475584,20979,7299
790337589677002753,7952,1915
790277117346975746,12759,3237
790227638568808452,0,3640
789986466051088384,9411,2357
789960241177853952,0,4199
789903600034189313,10517,4216
789628658055020548,7613,1802
789599242079838210,6874,1965
789530877013393408,11917,3442
789314372632018944,8791,2337
789280767834746880,0,5036
789268448748703744,9246,2653
789137962068021249,9867,2853
788908386943430656,27852,12713
788765914992902144,27781,10518
788552643979468800,0,7312
788412144018661376,15775,5369
788178268662984705,7337,2137
788150585577050112,6219,1312
788070120937619456,0,3497
788039637453406209,6228,1349
787810552592695296,8779,3104
787717603741622272,10422,2833
787397959788929025,11054,2895
787322443945877504,7892,1774
787111942498508800,0,6868
786963064373534720,27017,8117
786729988674449408,0,2467
786709082849828864,18515,6222
786664955043049472,10753,2605
786595970293370880,9568,3172
786363235746385920,11049,3570
786286427768250368,8087,2895
786233965241827333,15481,4831
786051337297522688,1446,157
786036967502913536,0,7146
785927819176054784,11548,3241
785872687017132033,6786,1847
785639753186217984,7949,2272
785533386513321988,9237,2032
785515384317313025,6198,1281
785264754247995392,7353,1669
785170936622350336,12195,4916
784826020293709826,10249,3302
784517518371221505,9088,2583
784431430411685888,5771,1290
784183165795655680,20357,8192
784057939640352768,30153,11299
783839966405230592,30423,10945
783821107061198850,7451,2004
783695101801398276,10600,3271
783466772167098368,8564,2283
783391753726550016,17103,5566
783347506784731136,0,5636
783334639985389568,29525,11866
783085703974514689,8254,2232
782969140009107456,24428,7492
782747134529531904,7565,1433
782722598790725632,17473,5473
782598640137187329,7896,1901
782305867769217024,16856,5653
782021823840026624,0,6298
781955203444699136,11249,3419
781661882474196992,10556,2759
781655249211752448,4035,1144
781524693396357120,20975,5640
781308096455073793,7216,2585
781251288990355457,8536,2108
781163403222056960,9925,2780
780931614150983680,21889,7420
780858289093574656,7263,2041
780800785462489090,5552,1321
780601303617732608,12253,3391
780543529827336192,6376,1765
780496263422808064,0,3748
780476555013349377,0,115
780459368902959104,5354,1091
780192070812196864,8808,2276
780092040432480260,0,2333
780074436359819264,12308,5046
779834332596887552,19115,7146
779377524342161408,8896,3150
779124354206535695,0,18550
779056095788752897,14909,4595
778990705243029504,20177,7294
778774459159379968,0,10015
778764940568104960,876,366
778748913645780993,6956,1328
778650543019483137,5832,1525
778624900596654080,4687,1020
778408200802557953,13747,4381
778396591732486144,0,12398
778383385161035776,5900,1118
778286810187399168,10471,3338
778039087836069888,8594,2680
778027034220126208,6613,1637
777953400541634568,0,3567
777885040357281792,6398,1647
777684233540206592,11329,2972
777641927919427584,0,4284
777621514455814149,8823,2528
777189768882946048,14399,4351
776819012571455488,0,13854
776813020089548800,4928,1224
776477788987613185,8904,2814
776249906839351296,0,9236
776218204058357768,30157,16038
776201521193218049,9701,2539
776113305656188928,11865,4411
776088319444877312,1856,153
775898661951791106,0,16707
775842724423557120,11816,2684
775733305207554048,13984,4027
775729183532220416,13104,4648
775364825476165632,7450,3001
775350846108426240,10253,3946
775085132600442880,15675,4791
774757898236878852,8673,1804
774639387460112384,6781,1754
774314403806253056,21957,5590
773985732834758656,10817,3911
773922284943896577,6444,1764
773704687002451968,6656,1646
773670353721753600,5385,1325
773547596996571136,22266,6233
773336787167145985,0,5128
773308824254029826,23492,7542
773247561583001600,9528,3286
773191612633579521,10070,4185
772877495989305348,8637,3914
772826264096874500,8127,2370
772615324260794368,0,3419
772581559778025472,6552,1713
772193107915964416,6092,1405
772152991789019136,3832,1142
772117678702071809,3807,749
772114945936949249,2747,472
772102971039580160,4028,950
771908950375665664,6639,1925
771770456517009408,12101,3418
771500966810099713,8309,2633
771380798096281600,10541,5128
771171053431250945,0,7536
771136648247640064,9206,2955
771102124360998913,6272,1455
771014301343748096,6921,1672
770787852854652928,4955,1209
770772759874076672,5202,1427
770655142660169732,7386,1782
770414278348247044,6368,2120
770293558247038976,6281,1495
770093767776997377,0,3081
770069151037685760,7639,2317
769940425801170949,31539,9651
769695466921623552,6447,1696
769335591808995329,0,7789
769212283578875904,5425,1738
768970937022709760,14433,6570
768909767477751808,0,2699
768855141948723200,4226,897
768609597686943744,4151,1215
768596291618299904,5068,1292
768554158521745409,0,5896
768473857036525572,13698,3463
768193404517830656,10923,3567
767884188863397888,4765,1391
767754930266464257,16091,5435
767500508068192258,7539,2361
767191397493538821,12364,3788
767122157629476866,10219,2876
766864461642756096,0,5677
766793450729734144,5092,1365
766714921925144576,2624,380
766693177336135680,4034,803
766423258543644672,6022,1604
766313316352462849,6827,1904
766078092750233600,0,2646
766069199026450432,4245,856
766008592277377025,3762,503
765719909049503744,7264,2166
765669560888528897,5206,1233
765395769549590528,26730,3406
765371061932261376,7094,2185
765222098633691136,11671,3419
764857477905154048,6477,1787
764259802650378240,6044,1508
763956972077010945,762,55
763837565564780549,12643,4183
763183847194451968,5403,1479
763167063695355904,0,3041
763103485927849985,7387,2307
762699858130116608,12191,3640
762471784394268675,11257,6447
762464539388485633,10332,4199
762316489655476224,4813,1127
762035686371364864,31981,15621
761976711479193600,5417,2021
761750502866649088,0,3940
761745352076779520,4286,868
761672994376806400,49663,29253
761599872357261312,4137,1194
761371037149827077,0,18138
761334018830917632,5210,1460
761292947749015552,4499,1089
761227390836215808,5339,1573
761004547850530816,11351,3497
760893934457552897,3824,984
760656994973933572,6593,1921
760641137271070720,4996,1306
760539183865880579,7579,3636
760521673607086080,4231,1390
760290219849637889,26881,11543
760252756032651264,3945,870
760190180481531904,5717,1815
760153949710192640,0,31
759943073749200896,5960,2088
759923798737051648,14693,5677
759846353224826880,6743,1982
759793422261743616,5970,1923
759557299618865152,4709,1191
759447681597108224,8509,2467
759446261539934208,1674,492
759197388317847553,6084,1953
759159934323924993,0,1159
759099523532779520,14539,4187
759047813560868866,6500,2027
758854675097526272,3555,900
758828659922702336,11235,3849
758740312047005698,5746,1618
758474966123810816,3811,1005
758467244762497024,4796,2222
758405701903519748,5213,1918
758355060040593408,3402,1077
758099635764359168,19094,10015
758041019896193024,2706,376
757741869644341248,6885,3261
757729163776290825,0,7955
757725642876129280,4544,1217
757611664640446465,4574,1112
757597904299253760,0,301
757596066325864448,4340,1061
757400162377592832,15169,6874
757393109802180609,5819,1743
757354760399941633,4523,1425
756998049151549440,6291,1991
756939218950160384,6652,2016
756651752796094464,5059,1307
756526248105566208,10424,3597
756303284449767430,3935,1098
756288534030475264,44059,17745
756275833623502848,6424,1536
755955933503782912,7323,2893
755206590534418437,16444,5380
755110668769038337,21209,11115
754874841593970688,0,7927
754856583969079297,6897,2533
754747087846248448,2590,523
754482103782404096,5297,1956
754449512966619136,3755,735
754120377874386944,7889,2360
753655901052166144,5845,2172
753420520834629632,7918,3575
753398408988139520,5758,1904
753375668877008896,7648,2333
753298634498793472,0,5706
753294487569522689,3365,1044
753039830821511168,37113,20901
753026973505581056,3922,968
752932432744185856,12625,6868
752917284578922496,6931,1584
752701944171524096,0,2873
752682090207055872,6006,1595
752660715232722944,4372,1556
752568224206688256,5503,2286
752519690950500352,7371,3439
752334515931054080,3819,1095
752309394570878976,0,16245
752173152931807232,5960,1841
751950017322246144,3057,918
751937170840121344,5187,1335
751830394383790080,5809,1947
751793661361422336,5831,2901
751598357617971201,7912,3044
751583847268179968,4388,1101
751538714308972544,5033,1262
751456908746354688,3219,1002
751251247299190784,12504,5884
751205363882532864,6311,1814
751132876104687617,5063,1294
750868782890057730,4785,1363
750719632563142656,13157,5036
750506206503038976,4434,1142
750429297815552001,13137,4284
750383411068534784,4559,1154
750381685133418496,694,27
750147208377409536,3103,959
750132105863102464,3606,1293
750117059602808832,4325,1311
750101899009982464,3040,843
750086836815486976,2165,532
750071704093859840,7822,3336
750056684286914561,3154,895
750041628174217216,3178,617
750026558547456000,2718,791
750011400160841729,3241,908
749996283729883136,3065,817
749981277374128128,5114,2464
749774190421639168,4655,1313
749417653287129088,6104,1637
749403093750648834,2616,534
749395845976588288,8543,3432
749317047558017024,5493,2232
749075273010798592,5737,2070
749064354620928000,4790,1522
749036806121881602,3086,791
748977405889503236,10750,3393
748932637671223296,5803,2249
748705597323898880,2777,947
748699167502000129,4738,1584
748692773788876800,4239,1329
748575535303884801,6046,1969
748568946752774144,2193,668
748346686624440324,5201,1224
748337862848962560,7613,4100
748324050481647620,3672,756
748307329658011649,3662,708
748220828303695873,14092,7777
747963614829678593,5755,2136
747933425676525569,6574,2535
747885874273214464,2935,974
747844099428986880,2813,749
747816857231626240,4832,1160
747651430853525504,1382,154
747648653817413632,12849,5833
747600769478692864,2314,555
747594051852075008,3659,1054
747512671126323200,5516,1607
747461612269887489,3846,1038
747439450712596480,5400,1909
747242308580548608,0,2893
747219827526344708,5247,1563
747204161125646336,3363,919
747103485104099331,9525,3950
746906459439529985,2884,295
746872823977771008,5953,2122
746818907684614144,5302,1732
746790600704425984,4849,1598
746757706116112384,9545,3897
746726898085036033,6026,1791
746542875601690625,5015,1870
746521445350707200,0,979
746507379341139972,4630,1079
746369468511756288,6159,1621
746131877086527488,6882,2194
746056683365994496,3532,808
745789745784041472,4007,1061
745712589599014916,6975,2320
745433870967832576,7050,2526
745422732645535745,8533,2428
745314880350101504,7149,2737
745074613265149952,7802,3483
745057283344719872,7226,2251
744995568523612160,2956,616
744971049620602880,7834,2674
744709971296780288,5583,1558
744334592493166593,6745,2099
744234799360020481,155566,77528
744223424764059648,1654,361
743980027717509120,4146,1089
743895849529389061,3629,957
743835915802583040,0,2063
743609206067040256,4447,1380
743595368194129920,18291,6502
743545585370791937,3517,938
743510151680958465,7887,3716
743253157753532416,4208,1219
743222593470234624,6169,1900
743210557239623680,3818,1354
742534281772302336,7034,3555
742528092657332225,4394,1966
742465774154047488,7225,3890
742423170473463808,9764,3748
742385895052087300,6768,1956
742161199639494656,4317,1359
742150209887731712,5092,1538
741793263812808706,4518,1502
741743634094141440,8132,2738
741438259667034112,3657,827
741303864243200000,8729,3183
741099773336379392,9917,5485
741067306818797568,9442,3081
740995100998766593,6317,2721
740711788199743490,3381,931
740699697422163968,2832,778
740676976021798912,18053,6778
740373189193256964,34735,13242
740365076218183684,2441,428
740359016048689152,3277,862
740214038584557568,6648,1952
739979191639244800,19833,5896
739932936087216128,4024,1068
739844404073074688,3777,851
739623569819336705,3743,1343
739606147276148736,5346,1643
739544079319588864,39225,21103
739485634323156992,7104,2911
739238157791694849,114956,57516
738891149612572673,111,6
738885046782832640,3747,1133
738883359779196928,3275,788
738537504001953792,5045,1532
738402415918125056,3227,826
738184450748633089,4282,1201
738166403467907072,8696,3328
738156290900254721,2487,636
737826014890496000,5234,1755
737800304142471168,9915,3433
737678689543020544,5001,1302
737445876994609152,10176,4426
737322739594330112,3567,808
737310737551491075,14534,7355
736736130620620800,4212,1711
736392552031657984,17539,7312
736365877722001409,3935,1236
736225175608430592,8051,2755
736010884653420544,7825,2966
735991953473572864,3571,1141
735648611367784448,3996,1093
735635087207878657,6103,2327
735274964362878976,12896,4990
735256018284875776,3298,873
735137028879360001,3105,964
734912297295085568,2728,523
734787690684657664,12414,6230
734776360183431168,2479,537
734559631394082816,1471,392
733828123016450049,3540,775
733822306246479872,3640,1015
733482008106668032,3114,945
733460102733135873,4155,1271
733109485275860992,49737,16707
732732193018155009,2412,530
732726085725589504,3517,881
732585889486888962,3625,771
732375214819057664,7997,2489
732005617171337216,14749,5357
731285275100512256,3454,981
731156023742988288,3807,1254
730924654643314689,6081,1952
730573383004487680,4854,2112
730427201120833536,3454,1042
730211855403241472,3776,1052
730196704625098752,4789,1879
729854734790754305,3992,1116
729838605770891264,1707,380
729823566028484608,3930,1234
729463711119904772,5740,2292
729113531270991872,1860,321
728986383096946689,3107,816
728760639972315136,4627,1687
728751179681943552,2731,671
728653952833728512,3274,1023
728409960103686147,4864,1982
728387165835677696,3656,952
728046963732717569,4253,1186
728035342121635841,4513,1649
728015554473250816,4066,1097
727685679342333952,2932,635
727644517743104000,5814,1732
727524757080539137,4431,1206
727314416056803329,3302,734
727286334147182592,3014,803
727175381690781696,3863,1369
727155742655025152,3578,1314
726935089318363137,6788,2425
726887082820554753,3796,1506
726828223124897792,3530,993
726224900189511680,4380,1133
725842289046749185,7002,2646
725786712245440512,4122,1358
725729321944506368,5143,1768
725458796924002305,1398,609
724983749226668032,3692,1299
724771698126512129,2323,628
724405726123311104,5226,1633
724049859469295616,4273,1756
724046343203856385,2629,548
724004602748780546,4132,1536
723912936180330496,3844,1225
723688335806480385,7580,2907
723673163800948736,2976,879
723179728551723008,5239,1846
722974582966214656,4051,1543
722613351520608256,4905,1620
721503162398597120,4566,1825
721001180231503872,2499,605
720785406564900865,3076,759
720775346191278080,2435,657
720415127506415616,4076,1483
720389942216527872,6300,2476
720340705894408192,2830,968
720059472081784833,3817,1108
720043174954147842,4848,1982
719991154352222208,4783,1723
719704490224398336,4484,1413
719551379208073216,4997,1882
719367763014393856,2765,734
719339463458033665,4375,1216
719332531645071360,3390,940
718971898235854848,3442,1064
718939241951195136,5192,1740
718631497683582976,18644,7947
718613305783398402,2409,475
718540630683709445,2424,1004
718460005985447936,2664,519
718454725339934721,4807,1494
718246886998687744,1893,499
718234618122661888,3823,985
717841801130979328,2428,598
717790033953034240,2848,1099
717537687239008257,5720,1835
717428917016076293,1594,443
717421804990701568,3126,835
717047459982213120,6225,1913
717009362452090881,3212,951
716802964044845056,4233,1159
716791146589110272,8063,1560
716730379797970944,1219,423
716447146686459905,12904,5792
716439118184652801,2355,206
716285507865542656,2738,1046
716080869887381504,6671,1878
715928423106027520,3155,869
715758151270801409,3675,1420
715733265223708672,4607,1669
715704790270025728,2766,560
715696743237730304,3867,1278
715680795826982913,4251,1597
715360349751484417,5413,1548
715342466308784130,3012,686
715220193576927233,2398,640
715200624753819648,5078,1867
715009755312439296,4108,1216
714982300363173890,3692,1020
714962719905021952,7265,4212
714957620017307648,4086,1398
714631576617938945,3239,987
714606013974974464,3593,919
714485234495041536,2654,1117
714258258790387713,2994,713
714251586676113411,3241,826
714214115368108032,2244,861
714141408463036416,4274,1381
713919462244790272,3256,782
713909862279876608,1876,531
713900603437621249,2800,734
713761197720473600,4810,1363
713411074226274305,4396,1285
713177543487135744,7151,2803
713175907180089344,4412,1459
712809025985978368,18359,6639
712717840512598017,12209,4925
712668654853337088,4139,1203
712438159032893441,5272,1546
712309440758808576,241,25
712097430750289920,3739,1020
712092745624633345,2909,878
712085617388212225,3240,481
712065007010385924,2245,613
711998809858043904,0,125
711968124745228288,7976,2277
711743778164514816,2808,974
711732680602345472,8743,4072
711694788429553666,32524,18138
711652651650457602,3807,904
711363825979756544,3607,1125
711306686208872448,3265,731
711008018775851008,2966,605
710997087345876993,4519,1373
710844581445812225,2515,682
710833117892898816,2658,527
710658690886586372,2288,554
710609963652087808,4750,2356
710588934686908417,4486,1847
710296729921429505,2350,729
710283270106132480,2126,517
710272297844797440,4487,1238
710269109699739648,2373,1113
710153181850935296,2874,878
710140971284037632,2728,870
710117014656950272,5429,1974
709918798883774466,3448,1076
709901256215666688,658,99
709852847387627521,3486,1191
709566166965075968,3513,1197
709556954897764353,3258,1063
709519240576036864,1478,235
709449600415961088,2202,563
709409458133323776,2596,675
709225125749587968,2390,568
709207347839836162,12397,5743
709198395643068416,2407,637
709179584944730112,1981,664
709158332880297985,2012,411
709042156699303936,4695,1611
708853462201716736,1783,653
708845821941387268,2953,893
708834316713893888,1666,495
708810915978854401,16311,6862
708738143638450176,2724,801
708711088997666817,2508,711
708479650088034305,2518,675
708469915515297792,3072,805
708400866336894977,15809,9955
708356463048204288,3550,1305
708349470027751425,2317,731
708149363256774660,4236,1539
708130923141795840,3346,844
708119489313951744,2660,974
708109389455101952,1928,545
708026248782585858,4348,1912
707995814724026368,3094,1115
707983188426153984,49,2
707969809498152960,2679,956
707776935007539200,3248,949
707741517457260545,2466,610
707738799544082433,4037,2435
707693576495472641,3364,982
707629649552134146,2545,867
707610948723478529,16824,6298
707420581654872064,2252,692
707411934438625280,2284,593
707387676719185920,3463,1276
707377100785885184,3246,1082
707315916783140866,2451,633
707297311098011648,2746,779
707059547140169728,2570,666
707038192327901184,2163,784
707021089608753152,4041,1345
707014260413456384,2290,595
706904523814649856,14456,7789
706901761596989440,2033,590
706681918348251136,3271,964
706644897839910912,2548,1080
706593038911545345,2132,629
706538006853918722,3446,1415
706516534877929472,3089,1024
706346369204748288,3416,914
706310011488698368,21103,7853
706291001778950144,1682,474
706265994973601792,2709,926
706169069255446529,3874,2191
706166467411222528,5124,1587
706153300320784384,1472,382
705975130514706432,3080,724
705970349788291072,3144,885
705898680587526145,2346,544
705786532653883392,1914,513
705591895322394625,3134,1144
705475953783398401,2933,903
705442520700944385,4391,1610
705428427625635840,3780,1666
705239209544720384,2978,745
705223444686888960,2564,794
705102439679201280,2123,513
705066031337840642,2165,615
704871453724954624,4234,1108
704859558691414016,2235,535
704847917308362754,5022,1512
704819833553219584,2612,977
704761120771465216,6583,2893
704499785726889984,2891,1007
704491224099647488,748,78
704480331685040129,3355,1059
704364645503647744,7916,3521
704347321748819968,1565,347
704134088924532736,1490,456
704113298707505153,1836,567
704054845121142784,2896,907
703774238772166656,1828,456
703769065844768768,3248,1134
703631701117943808,2555,677
703611486317502464,3810,1517
703425003149250560,3778,1357
703407252292673536,2421,691
703382836347330562,3483,1135
703356393781329922,1909,382
703268521220972544,1960,546
703079050210877440,7325,3057
703041949650034688,26129,12398
702932127499816960,2557,723
702899151802126337,1598,450
702684942141153280,3201,1070
702671118226825216,2181,552
702598099714314240,12138,3405
702539513671897089,2861,951
702332542343577600,3152,1537
702321140488925184,3252,1033
702276748847800320,2445,761
702217446468493312,4729,1325
701981390485725185,3425,986
701952816642965504,3815,1018
701889187134500865,3505,1377
701805642395348998,3381,1664
701601587219795968,2076,446
701570477911896070,2792,919
701545186879471618,2638,604
701214700881756160,12108,5061
700890391244103680,2201,561
700864154249383937,2576,615
700847567345688576,2440,501
700796979434098688,2419,934
700747788515020802,22640,9236
700518061187723268,2590,790
700505138482569216,2270,564
700462010979500032,4098,1773
700167517596164096,2609,730
700151421916807169,2219,668
700143752053182464,7465,2699
700062718104104960,2630,686
700029284593901568,2055,582
700002074055016451,3293,1329
699801817392291840,3034,944
699788877217865730,2211,506
699779630832685056,2721,1221
699775878809702401,1942,602
699691744225525762,10196,4578
699446877801091073,5906,2594
699434518667751424,2146,511
699423671849451520,1350,321
699413908797464576,2064,621
699370870310113280,1872,439
699323444782047232,3127,856
699088579889332224,2224,628
699079609774645248,2431,649
699072405256409088,2946,1185
699060279947165696,3718,1785
699036661657767936,2578,1189
698989035503689728,3323,969
698953797952008193,2656,893
698907974262222848,2519,621
698710712454139905,2450,676
698703483621523456,1434,376
698635131305795584,1284,337
698549713696649216,2306,621
698355670425473025,1838,443
698342080612007937,2252,949
698262614669991936,4715,1985
698195409219559425,16622,5933
698178924120031232,2785,735
697995514407682048,1505,330
697990423684476929,3261,1289
697943111201378304,2364,671
697881462549430272,2992,1168
697630435728322560,1731,538
697616773278015490,3137,1005
697596423848730625,2995,1256
697575480820686848,2024,496
697516214579523584,2038,1106
697482927769255936,2397,670
697463031882764288,3389,1390
697270446429966336,4660,1860
697259378236399616,3279,998
697255105972801536,3016,1154
697242256848379904,2498,663
696900204696625153,3147,1013
696894894812565505,2330,674
696886256886657024,4813,1790
696877980375769088,2415,705
696754882863349760,1472,359
696744641916489729,2045,931
696713835009417216,2359,648
696518437233913856,3877,1700
696490539101908992,1204,141
696488710901260288,2502,1011
696405997980676096,3182,1148
696100768806522880,1915,648
695816827381944320,2993,1153
695794761660297217,3139,758
695767669421768709,1843,740
695629776980148225,4529,2076
695446424020918272,4364,1797
695409464418041856,8600,3546
695314793360662529,3599,1442
695095422348574720,2618,611
695074328191332352,2814,1088
695064344191721472,1587,587
695051054296211456,2645,784
694925794720792577,2673,913
694905863685980160,2722,933
694669722378485760,35542,14274
694356675654983680,1486,285
694352839993344000,2017,613
694342028726001664,1566,481
694329668942569472,1989,497
694206574471057408,4123,2023
694183373896572928,2928,919
694001791655137281,3383,1019
693993230313091072,1859,398
693942351086120961,1734,367
693647888581312512,2665,580
693644216740769793,1339,122
693642232151285760,2513,407
693629975228977152,2416,787
693622659251335168,1526,371
693590843962331137,5017,1942
693582294167244802,1631,250
693486665285931008,1763,632
693280720173801472,3325,1225
693267061318012928,2358,807
693262851218264065,2194,495
693231807727280129,2850,730
693155686491000832,7819,3188
693109034023534592,1699,607
693095443459342336,1842,456
692919143163629568,2655,745
692905862751522816,2408,858
692901601640583168,1751,598
692894228850999298,2253,796
692828166163931137,2849,875
692752401762250755,6774,3615
692568918515392513,4326,1521
692535307825213440,3145,1353
692530551048294401,1813,410
692423280028966913,1472,225
692417313023332352,9295,3442
692187005137076224,2512,814
692158366030913536,2134,782
692142790915014657,1638,392
692041934689402880,3382,1262
692017291282812928,2866,951
691820333922455552,3921,1645
691793053716221953,8061,4198
691756958957883396,2832,993
691675652215414786,1940,503
691483041324204033,2373,561
691459709405118465,4012,1134
691444869282295808,2635,844
691416866452082688,19157,7574
691321916024623104,2545,658
691096613310316544,2941,874
691090071332753408,1704,331
690989312272396288,5857,2844
690959652130045952,3551,1238
690938899477221376,4053,1936
690932576555528194,3260,1009
690735892932222976,3757,1260
690728923253055490,2160,512
690690673629138944,2317,812
690649993829576704,1293,278
690607260360429569,294,18
690597161306841088,1940,598
690400367696297985,1873,448
690374419777196032,3232,841
690360449368465409,2651,874
690348396616552449,1497,513
690248561355657216,1661,413
690021994562220032,2771,1023
690015576308211712,2475,727
690005060500217858,3636,1679
689999384604450816,1407,365
689993469801164801,1452,446
689977555533848577,1355,441
689905486972461056,2423,695
689877686181715968,3021,1154
689835978131935233,2157,742
689661964914655233,3199,924
689659372465688576,10304,3839
689623661272240129,2216,635
689599056876867584,11562,5481
689557536375177216,2028,453
689517482558820352,3376,1417
689289219123089408,2247,934
689283819090870273,3244,1094
689280876073582592,1967,704
689275259254616065,1136,242
689255633275777024,2534,1077
689154315265683456,3057,994
689143371370250240,2004,507
688916208532455424,2695,857
688908934925697024,2099,756
688898160958271489,2084,774
688894073864884227,2232,684
688828561667567616,1370,367
688804835492233216,959,191
688789766343622656,2205,656
688547210804498433,2578,691
688519176466644993,2300,721
688385280030670848,9216,4449
688211956440801280,2227,825
688179443353796608,2128,579
688116655151435777,2805,768
688064179421470721,1721,357
687841446767013888,5417,2494
687826841265172480,2732,1115
687818504314159109,2460,939
687807801670897665,2387,713
687732144991551489,1750,660
687704180304273409,2418,835
687664829264453632,1924,508
687494652870668288,1886,573
687480748861947905,1587,239
687476254459715584,1974,530
687460506001633280,2045,540
687399393394311168,1874,613
687317306314240000,20001,9102
687312378585812992,4327,1885
687127927494963200,5396,2249
687124485711986689,2160,500
687109925361856513,5754,2440
687102708889812993,2326,968
687096057537363968,2226,599
686947101016735744,8572,3169
686760001961103360,3491,1370
686749460672679938,3452,1445
686730991906516992,4107,1190
686683045143953408,2807,793
686618349602762752,3680,1354
686606069955735556,1878,541
686394059078897668,1728,684
686386521809772549,3234,873
686377065986265092,2196,562
686358356425093120,2166,663
686286779679375361,3977,1652
686050296934563840,2200,726
686035780142297088,1143,116
686034024800862208,3071,1136
686007916130873345,2470,408
686003207160610816,1815,620
685973236358713344,2084,519
685943807276412928,1621,588
685906723014619143,7452,2861
685681090388975616,2014,123
685667379192414208,2347,560
685663452032069632,3213,1445
685641971164143616,2914,773
685547936038666240,32695,15507
685532292383666176,3010,1147
685325112850124800,9389,3940
685321586178670592,2639,632
685315239903100929,3291,1034
685307451701334016,2058,439
685268753634967552,3076,1192
685198997565345792,2332,666
685169283572338688,4087,1421
684969860808454144,2375,367
684959798585110529,6783,3100
684940049151070208,3191,1040
684926975086034944,3472,457
684914660081053696,3492,1439
684902183876321280,1864,522
684880619965411328,2078,802
684830982659280897,34760,21494
684800227459624960,2725,993
684594889858887680,8844,3474
684588130326986752,4092,1402
684567543613382656,2996,1205
684538444857667585,2634,943
684481074559381504,3861,1160
684460069371654144,1966,557
684241637099323392,8085,3253
684225744407494656,1221,207
684222868335505415,3794,1358
684200372118904832,2140,1024
684195085588783105,1897,507
684188786104872960,3473,1162
684177701129875456,2000,657
684147889187209216,2962,1507
684122891630342144,1995,464
684097758874210310,4084,1419
683857920510050305,3781,1115
683852578183077888,1925,341
683849932751646720,2593,956
683834909291606017,2603,1102
683828599284170753,2773,1056
683773439333797890,3323,1337
683742671509258241,6421,3272
683515932363329536,7279,2873
683498322573824003,3156,957
683481228088049664,2637,991
683462770029932544,2408,668
683449695444799489,3863,1596
683391852557561860,7565,2383
683357973142474752,2882,908
683142553609318400,2849,1038
683111407806746624,3374,904
683098815881154561,2144,654
683078886620553216,1978,559
683030066213818368,2150,732
682962037429899265,36513,16428
682808988178739200,1762,167
682788441537560576,2457,1100
682750546109968385,1506,433
682697186228989953,1309,356
682662431982772225,3040,1073
682638830361513985,2056,594
682429480204398592,3414,1144
682406705142087680,7496,1755
682393905736888321,2220,665
682389078323662849,1645,456
682303737705140231,3035,962
682259524040966145,4115,1195
682242692827447297,3223,1152
682088079302213632,18089,9782
682059653698686977,4899,1665
682047327939461121,3172,923
682032003584274432,6519,1986
682003177596559360,3099,1511
681981167097122816,2790,1023
681891461017812993,2455,809
681694085539872773,12694,4020
681679526984871937,1763,434
681654059175129088,2617,913
681610798867845120,1887,460
681579835668455424,3523,1282
681523177663676416,14171,5706
681340665377193984,1635,275
681339448655802368,9202,4047
681320187870711809,2622,735
681302363064414209,3899,1801
681297372102656000,3186,944
681281657291280384,3203,1088
681261549936340994,1447,266
681242418453299201,1475,524
681231109724700672,2389,479
681193455364796417,3672,1460
680970795137544192,2402,648
680959110691590145,4546,1986
680940246314430465,3177,1045
680934982542561280,2066,430
680913438424612864,2381,617
680889648562991104,1748,360
680836378243002368,3430,1305
680805554198020098,2133,659
680801747103793152,2363,810
680798457301471234,2824,1022
680609293079592961,2610,691
680583894916304897,3589,1322
680497766108381184,4198,1893
680494726643068929,1706,481
680473011644985345,2524,735
680440374763077632,1432,494
680221482581123072,1455,290
680206703334408192,2810,1152
680191257256136705,2125,496
680176173301628928,3863,1534
680161097740095489,2300,726
680145970311643136,3574,1720
680130881361686529,2266,932
680115823365742593,2687,897
680100725817409536,3535,1358
680085611152338944,12693,8894
680070545539371008,2558,852
679877062409191424,1971,642
679872969355714560,2167,654
679862121895714818,2436,611
679854723806179328,2825,1214
679844490799091713,2342,751
679828447187857408,35862,13854
679777920601223168,3063,1088
679736210798047232,2077,780
679729593985699840,2148,815
679722016581222400,1644,460
679530280114372609,4745,2060
679527802031484928,2613,713
679511351870550016,3325,1250
679503373272485890,3131,1445
679475951516934144,2069,629
679462823135686656,31188,18550
679405845277462528,2342,1189
679158373988876288,21019,7927
679148763231985668,2742,1015
679132435750195208,2940,1141
679111216690831360,5889,2541
679062614270468097,16728,7955
679047485189439488,2220,657
679001094530465792,2787,1202
678991772295516161,2267,1139
678969228704284672,1625,452
678800283649069056,2527,886
678798276842360832,3407,1144
678774928607469569,2775,890
678767140346941444,3478,1338
678764513869611008,1610,468
678755239630127104,7002,3223
678740035362037760,3705,1652
678708137298427904,5515,2384
678675843183484930,2820,1434
678643457146150913,2017,400
678446151570427904,3938,1518
678424312106393600,5391,2497
678410210315247616,4148,1773
678399652199309312,78045,31221
678396796259975168,1568,407
678389028614488064,1848,416
678380236862578688,2398,894
678341075375947776,1703,527
678334497360859136,1286,249
678278586130948096,11240,5977
678255464182861824,1568,357
678023323247357953,1885,375
678021115718029313,13408,6215
677961670166224897,3364,1658
677918531514703872,1319,397
677895101218201600,4745,2032
677716515794329600,3002,965
677700003327029250,3327,1417
677698403548192770,1208,311
677687604918272002,2453,832
677673981332312066,3275,1469
677662372920729601,1918,934
677644091929329666,1821,783
677573743309385728,2093,690
677565715327688705,1277,454
677557565589463040,2404,1127
677547928504967168,6816,3597
677530072887205888,1048,223
677335745548390400,2986,1742
677334615166730240,1321,280
677331501395156992,1068,232
677328882937298944,3568,1475
677314812125323265,1614,521
677301033169788928,1214,393
677269281705472000,1942,693
677228873407442944,3475,1607
677187300187611136,2689,900
676975532580409345,2719,1044
676957860086095872,2195,797
676949632774234114,1279,387
676948236477857792,2118,847
676946864479084545,1695,361
676942428000112642,2027,733
676936541936185344,12452,4809
676916996760600576,2922,1773
676897532954456065,2204,709
676864501615042560,2056,693
676821958043033607,22432,15216
676819651066732545,1781,648
676811746707918848,1392,414
676776431406465024,4889,1979
676617503762681856,2827,937
676613908052996102,1058,197
676606785097199616,1850,422
676603393314578432,1134,374
676593408224403456,4458,2115
676590572941893632,895,119
676588346097852417,2260,761
676582956622721024,1167,267
676575501977128964,2520,1095
676533798876651520,1827,541
676496375194980353,1488,520
676470639084101634,11328,4565
676440007570247681,1682,645
676430933382295552,1363,336
676263575653122048,2032,528
676237365392908289,1182,281
676219687039057920,74577,30287
676215927814406144,1694,560
676191832485810177,2227,1005
676146341966438401,1868,645
676121918416756736,2113,1130
676101918813499392,2757,1137
676098748976615425,2925,1382
676089483918516224,1280,427
675898130735476737,1573,558
675891555769696257,2072,832
675888385639251968,2313,932
675878199931371520,4074,1363
675870721063669760,1585,550
675853064436391936,2618,1255
675849018447167488,918,139
675845657354215424,2214,853
675822767435051008,1481,520
675820929667219457,1019,230
675798442703122432,9981,3317
675781562965868544,1586,453
675740360753160193,1134,331
675710890956750848,1832,791
675707330206547968,1922,663
675706639471788032,625,92
675534494439489536,1777,400
675531475945709568,1154,370
675522403582218240,1014,279
675517828909424640,1255,451
675501075957489664,16690,5661
675497103322386432,3048,1252
675489971617296384,1256,576
675483430902214656,1791,950
675432746517426176,1477,551
675372240448454658,1639,500
675362609739206656,1021,224
675354435921575936,31548,16245
675349384339542016,3794,2197
675334060156301312,2678,1245
675166823650848770,3461,1536
675153376133427200,6057,2494
675149409102012420,3637,1628
675147105808306176,914,225
675146535592706048,1147,287
675145476954566656,2065,866
675135153782571009,1264,466
675113801096802304,1888,758
675111688094527488,930,243
675109292475830276,2705,1097
675047298674663426,1034,310
675015141583413248,2622,1146
675006312288268288,952,214
675003128568291329,1515,450
674999807681908736,2170,1067
674805413498527744,834,343
674800520222154752,2919,823
674793399141146624,2430,1049
674790488185167872,1070,242
674788554665512960,789,202
674781762103414784,1944,1153
674774481756377088,1077,452
674767892831932416,1768,753
674764817387900928,769,229
674754018082705410,1324,428
674752233200820224,1419,448
674743008475090944,1354,530
674742531037511680,470,49
674739953134403584,1061,375
674737130913071104,627,85
674690135443775488,1108,456
674670581682434048,1553,624
674664755118911488,884,239
674646392044941312,1387,474
674644256330530816,996,260
674638615994089473,1634,560
674632714662858753,1454,554
674606911342424069,907,95
674468880899788800,6014,1956
674447403907457024,1027,345
674436901579923456,1078,374
674422304705744896,1381,523
674416750885273600,667,131
674410619106390016,1159,442
674394782723014656,1461,551
674372068062928900,828,304
674330906434379776,545,72
674318007229923329,1365,503
674307341513269249,10950,6699
674291837063053312,14174,5636
674271431610523648,1515,706
674269164442398721,882,221
674265582246694913,1581,808
674262580978937856,1262,434
674255168825880576,1411,523
674082852460433408,735,163
674075285688614912,956,273
674063288070742018,6153,2110
674053186244734976,3176,1244
674051556661161984,1400,471
674045139690631169,1358,615
674042553264685056,695,121
674038233588723717,1068,401
674036086168010753,820,200
674024893172875264,1713,1176
674019345211760640,1086,292
674014384960745472,1503,609
674008982932058114,1152,339
673956914389192708,1884,916
673919437611909120,1125,355
673906403526995968,3054,1562
673887867907739649,903,244
673716320723169284,2969,718
673715861853720576,3400,1977
673711475735838725,1002,286
673709992831262724,803,261
673708611235921920,1033,275
673707060090052608,1055,377
673705679337693185,1212,393
673700254269775872,1371,544
673697980713705472,3816,1890
673689733134946305,1672,618
673688752737402881,1216,474
673686845050527744,1383,415
673680198160809984,1316,447
673662677122719744,1209,352
673656262056419329,694,228
673636718965334016,1059,346
673612854080196609,1541,689
673583129559498752,1147,344
673580926094458881,798,263
673576835670777856,1334,541
673363615379013632,984,291
673359818736984064,1397,644
673355879178194945,1446,551
673352124999274496,1602,518
673350198937153538,723,199
673345638550134785,2413,1208
673343217010679808,932,258
673342308415348736,1223,550
673320132811366400,12915,7536
673317986296586240,847,244
673295268553605120,7220,3041
673270968295534593,1034,347
673240798075449344,1365,691
673213039743795200,2157,803
673148804208660480,1626,602
672997845381865473,1892,679
672995267319328768,913,273
672988786805112832,951,275
672984142909456390,1212,519
672980819271634944,1750,968
672975131468300288,1614,861
672970152493887488,915,341
672968025906282496,1275,519
672964561327235073,1373,615
672902681409806336,1316,474
672898206762672129,871,403
672884426393653248,1485,805
672877615439593473,992,336
672834301050937345,1263,539
672828477930868736,1207,467
672640509974827008,941,303
672622327801233409,1243,465
672614745925664768,1181,555
672609152938721280,1067,373
672604026190569472,1066,383
672594978741354496,1285,587
672591762242805761,916,323
672591271085670400,695,177
672538107540070400,989,346
672523490734551040,607,160
672488522314567680,1065,415
672482722825261057,1081,570
672481316919734272,691,123
672475084225949696,1392,672
672466075045466113,1305,509
672272411274932228,6197,3212
672267570918129665,1434,588
672264251789176834,1092,324
672256522047614977,2708,1467
672254177670729728,1381,707
672248013293752320,1671,572
672245253877968896,659,147
672239279297454080,859,308
672231046314901505,1754,963
672222792075620352,756,203
672205392827572224,2173,1099
672169685991993344,981,352
672160042234327040,842,341
672139350159835138,1670,660
672125275208069120,2284,1091
672095186491711488,964,353
672082170312290304,907,348
672068090318987265,1239,492
671896809300709376,8156,3989
671891728106971137,1264,546
671882082306625538,3318,1325
671879137494245376,1355,637
671874878652489728,1202,525
671866342182637568,1076,471
671855973984772097,867,418
671789708968640512,6772,3313
671768281401958400,1150,475
671763349865160704,1603,864
671744970634719232,1293,723
671743150407421952,723,227
671735591348891648,1387,723
671729906628341761,8155,4155
671561002136281088,12263,6906
671550332464455680,870,201
671547767500775424,1294,564
671544874165002241,1884,1002
671542985629241344,1049,538
671538301157904385,895,369
671536543010570240,1121,386
671533943490011136,979,551
671528761649688577,810,248
671520732782923777,1339,504
671518598289059840,911,283
671511350426865664,1531,672
671504605491109889,6703,3397
671497587707535361,883,427
671488513339211776,962,454
671486386088865792,553,186
671485057807351808,732,223
671390180817915904,1385,712
671362598324076544,1059,286
671357843010908160,385,147
671355857343524864,467,113
671347597085433856,921,410
671186162933985280,703,200
671182547775299584,1075,321
671166507850801152,840,330
671163268581498880,1581,1046
671159727754231808,356,76
671154572044468225,683,208
671151324042559489,641,143
671147085991960577,642,204
671141549288370177,1106,625
671138694582165504,887,380
671134062904504320,715,184
671122204919246848,3348,2397
671115716440031232,1305,744
671109016219725825,1098,418
670995969505435648,1063,280
670842764863651840,23660,8289
670840546554966016,563,185
670838202509447168,1068,661
670833812859932673,424,116
670832455012716544,705,206
670826280409919488,5287,3875
670823764196741120,744,178
670822709593571328,582,91
670815497391357952,3043,1468
670811965569282048,1083,257
670807719151067136,1120,465
670804601705242624,1882,913
670803562457407488,330,84
670797304698376195,709,225
670792680469889025,791,260
670789397210615808,634,224
670786190031921152,574,193
670783437142401025,792,367
670782429121134593,1494,733
670780561024270336,760,277
670778058496974848,319,70
670764103623966721,1037,400
670755717859713024,424,103
670733412878163972,920,492
670727704916926465,800,341
670717338665226240,1150,459
670704688707301377,746,355
670691627984359425,569,231
670679630144274432,722,269
670676092097810432,238,39
670668383499735048,10224,4770
670474236058800128,1449,706
670468609693655041,344,83
670465786746662913,934,518
670452855871037440,528,194
670449342516494336,1154,621
670444955656130560,6448,1888
670442337873600512,622,190
670435821946826752,1012,490
670434127938719744,1350,617
670433248821026816,318,106
670428280563085312,1326,589
670427002554466305,503,152
670421925039075328,1252,603
670420569653809152,596,301
670417414769758208,548,306
670411370698022913,1943,847
670408998013820928,533,209
670403879788544000,408,144
670385711116361728,543,193
670374371102445568,720,258
670361874861563904,316,62
670338931251150849,408,102
670319130621435904,3727,1159
670303360680108032,416,125
670290420111441920,671,270
670093938074779648,986,316
670086499208155136,671,243
670079681849372674,2125,1165
670073503555706880,1502,749
670069087419133954,595,225
670061506722140161,730,315
670055038660800512,638,312
670046952931721218,620,162
670040295598354432,722,105
670037189829525505,570,259
670003130994700288,318,86
669993076832759809,312,79
669972011175813120,427,149
669970042633789440,290,55
669942763794931712,485,151
669926384437997569,362,93
669923323644657664,225,53
669753178989142016,775,377
669749430875258880,252,63
669684865554620416,493,86
669683899023405056,372,102
669682095984410625,341,128
669680153564442624,643,269
669661792646373376,777,411
669625907762618368,3381,1721
669603084620980224,909,344
669597912108789760,494,142
669583744538451968,1429,878
669573570759163904,421,132
669571471778410496,1525,971
669567591774625800,226,53
669564461267722241,373,117
669393256313184256,346,70
669375718304980992,1272,692
669371483794317312,471,171
669367896104181761,439,143
669363888236994561,597,216
669359674819481600,354,114
669354382627049472,2582,1220
669353438988365824,601,248
669351434509529089,414,171
669328503091937280,973,398
669327207240699904,550,114
669324657376567296,479,198
669216679721873412,1146,387
669214165781868544,421,151
669203728096960512,966,447
669037058363662336,629,298
669015743032369152,713,357
669006782128353280,554,234
669000397445533696,20028,6072
668994913074286592,423,216
668992363537309700,718,323
668989615043424256,646,314
668988183816871936,866,439
668986018524233728,531,156
668981893510119424,515,287
668979806671884288,767,332
668975677807423489,1249,555
668967877119254528,139,21
668960084974809088,677,231
668955713004314625,266,67
668932921458302977,252,55
668902994700836864,306,97
668892474547511297,385,143
668872652652679168,507,288
668852170888998912,435,153
668826086256599040,420,128
668815180734689280,540,252
668779399630725120,679,350
668655139528511488,500,208
668645506898350081,839,506
668643542311546881,839,505
668641109086707712,1025,518
668636665813057536,996,468
668633411083464705,2681,1535
668631377374486528,677,302
668627278264475648,304,109
668625577880875008,367,122
668623201287675904,1364,716
668620235289837568,190,38
668614819948453888,591,304
668587383441514497,1594,1023
668567822092664832,233,50
668544745690562560,492,215
668542336805281792,434,202
668537837512433665,244,67
668528771708952576,445,212
668507509523615744,311,99
668496999348633600,391,124
668484198282485761,413,222
668480044826800133,438,140
668466899341221888,854,489
668297328638447616,601,282
668291999406125056,233,29
668286279830867968,483,130
668274247790391296,787,223
668268907921326080,532,222
668256321989451776,1238,571
668248472370458624,931,457
668237644992782336,5921,2701
668226093875376128,287,97
668221241640230912,495,187
668204964695683073,532,186
668190681446379520,619,191
668171859951755264,465,183
668154635664932864,478,295
668142349051129856,554,267
668113020489474048,645,224
667937095915278337,1199,756
667924896115245057,282,108
667915453470232577,199,53
667911425562669056,471,282
667902449697558528,820,360
667886921285246976,1787,1026
667885044254572545,782,449
667878741721415682,375,113
667873844930215936,598,384
667866724293877760,2894,979
667861340749471744,234,74
667832474953625600,284,59
667806454573760512,1011,467
667801013445750784,315,93
667793409583771648,674,312
667782464991965184,397,234
667773195014021121,225,52
667766675769573376,421,204
667728196545200128,364,143
667724302356258817,460,306
667550904950915073,0,33
667550882905632768,0,32
667549055577362432,5501,2138
667546741521195010,325,116
667544320556335104,819,499
667538891197542400,194,61
667534815156183040,780,495
667530908589760512,445,224
667524857454854144,1614,1060
667517642048163840,351,181
667509364010450944,6477,2016
667502640335572993,517,212
667495797102141441,500,252
667491009379606528,504,212
667470559035432960,243,90
667455448082227200,183,56
667453023279554560,297,84
667443425659232256,745,546
667437278097252352,427,225
667435689202614272,293,81
667405339315146752,445,213
667393430834667520,185,52
667369227918143488,349,153
667211855547486208,463,225
667200525029539841,583,247
667192066997374976,364,93
667188689915760640,711,378
667182792070062081,13602,5836
667177989038297088,183,51
667176164155375616,582,432
667174963120574464,233,74
667171260800061440,210,79
667165590075940865,2555,1065
667160273090932737,246,60
667152164079423490,45369,16002
667138269671505920,4350,2063
667119796878725120,316,123
667090893657276420,316,118
667073648344346624,378,112
667070482143944705,79,14
667065535570550784,160,42
667062181243039745,209,49
667044094246576128,175,46
667012601033924608,424,211
666996132027977728,230,84
666983947667116034,2426,925
666837028449972224,763,521
666835007768551424,200,76
666826780179869698,241,87
666817836334096384,488,236
666804364988780544,219,85
666786068205871104,713,456
666781792255496192,364,178
666776908487630848,330,161
666739327293083650,222,62
666701168228331520,406,204
666691418707132416,175,45
666649482315059201,1056,582
666644823164719104,221,76
666454714377183233,490,199
666447344410484738,98,18
666437273139982337,116,42
666435652385423360,157,47
666430724426358785,298,177
666428276349472768,156,77
666421158376562688,299,105
666418789513326592,115,42
666411507551481857,412,298
666407126856765440,100,32
666396247373291520,158,75
666373753744588802,174,83
666362758909284353,723,518
666353288456101888,198,66
666345417576210432,275,128
666337882303524864,181,83
666293911632134144,464,317
666287406224695296,136,60
666273097616637952,161,70
666268910803644416,95,32
666104133288665088,13587,5968
666102155909144576,70,11
666099513787052032,142,60
666094000022159362,153,66
666082916733198337,103,41
666073100786774016,297,146
666071193221509120,136,52
666063827256086533,447,197
666058600524156928,105,53
666057090499244032,269,124
666055525042405380,406,220
666051853826850816,1122,773
666050758794694657,124,51
666049248165822465,96,40
666044226329800704,271,131
666033412701032449,112,41
666029285002620928,121,42
666020888022790149,2404,460
